# Teff=  4000 K   Age= 1.0 Myr   M*= 0.70 Mo   R*= 2.64 Ro 
# 
# Rdisk=  300 AU         Rhole= 11.0 R* 
# Mdot= 1.0e-07 Mo/yr    alpha= 0.010      Mass= 0.410  Mo  
# p= 3.5                 amin=0.005 mu     amax= 10 mu 
# 
# log(R)       log(Tphot)   log(Tc)      log(Tirr)    log(To)      log(Tvis)    log(Sigma)   log(H)       log(Ztauss)  log(Zinf)    log(tau_r)
# 
 -8.6800e-01   2.8024e+00   3.1629e+00   2.6809e+00   3.0803e+00   2.7540e+00   3.5554e+00  -2.3765e+00  -1.7909e+00  -1.4983e+00   1.7502e+00 
 -8.2517e-01   2.7710e+00   3.1611e+00   2.6595e+00   3.0461e+00   2.7241e+00   3.5022e+00  -2.3130e+00  -1.7255e+00  -1.4766e+00   1.8674e+00 
 -7.8228e-01   2.7455e+00   3.1596e+00   2.6386e+00   3.0145e+00   2.6941e+00   3.4484e+00  -2.2497e+00  -1.6673e+00  -1.4713e+00   1.9860e+00 
 -7.3942e-01   2.7128e+00   3.1578e+00   2.6170e+00   2.9284e+00   2.6639e+00   3.3943e+00  -2.1861e+00  -1.6136e+00  -1.4119e+00   2.0979e+00 
 -6.9640e-01   2.6801e+00   3.1559e+00   2.5960e+00   2.9040e+00   2.6335e+00   3.3399e+00  -2.1225e+00  -1.5591e+00  -1.3604e+00   2.2138e+00 
 -6.5363e-01   2.6515e+00   3.1541e+00   2.5749e+00   2.8797e+00   2.6030e+00   3.2857e+00  -2.0593e+00  -1.5068e+00  -1.3093e+00   2.3276e+00 
 -6.1075e-01   2.6263e+00   3.1523e+00   2.5534e+00   2.8587e+00   2.5725e+00   3.2316e+00  -1.9958e+00  -1.4533e+00  -1.2572e+00   2.4440e+00 
 -5.6776e-01   2.5986e+00   3.1504e+00   2.5319e+00   2.8442e+00   2.5417e+00   3.1779e+00  -1.9322e+00  -1.4008e+00  -1.2034e+00   2.5578e+00 
 -5.2486e-01   2.5695e+00   3.1486e+00   2.5102e+00   2.8298e+00   2.5109e+00   3.1254e+00  -1.8689e+00  -1.3503e+00  -1.1500e+00   2.6738e+00 
 -4.8207e-01   2.5380e+00   3.1467e+00   2.4883e+00   2.8154e+00   2.4802e+00   3.0749e+00  -1.8055e+00  -1.3002e+00  -1.0970e+00   2.7895e+00 
 -4.3913e-01   2.5103e+00   3.1446e+00   2.4663e+00   2.8011e+00   2.4493e+00   3.0271e+00  -1.7423e+00  -1.2502e+00  -1.0441e+00   2.9059e+00 
 -3.9630e-01   2.4833e+00   3.1418e+00   2.4443e+00   2.7794e+00   2.4183e+00   2.9843e+00  -1.6794e+00  -1.2016e+00  -9.9399e-01   3.0179e+00 
 -3.5333e-01   2.4512e+00   3.1364e+00   2.4219e+00   2.7557e+00   2.3872e+00   2.9513e+00  -1.6176e+00  -1.1537e+00  -9.4461e-01   3.1218e+00 
 -3.1049e-01   2.4246e+00   3.0824e+00   2.3997e+00   2.7321e+00   2.3560e+00   2.9197e+00  -1.5805e+00  -1.1046e+00  -8.9571e-01   3.0296e+00 
 -2.6762e-01   2.3970e+00   3.0730e+00   2.3774e+00   2.7081e+00   2.3249e+00   2.8797e+00  -1.5208e+00  -1.0559e+00  -8.4681e-01   3.1175e+00 
 -2.2472e-01   2.3640e+00   3.0697e+00   2.3549e+00   2.6841e+00   2.2936e+00   2.8453e+00  -1.4581e+00  -1.0047e+00  -7.9846e-01   3.2291e+00 
 -1.8185e-01   2.3367e+00   3.0554e+00   2.3326e+00   2.6595e+00   2.2625e+00   2.8198e+00  -1.4010e+00  -9.5264e-01  -7.5103e-01   3.2971e+00 
 -1.3891e-01   2.3087e+00   3.0145e+00   2.3071e+00   2.6331e+00   2.2310e+00   2.7963e+00  -1.3570e+00  -9.0164e-01  -7.0418e-01   3.2591e+00 
 -9.6075e-02   2.2739e+00   2.9747e+00   2.2814e+00   2.6067e+00   2.1998e+00   2.7717e+00  -1.3127e+00  -8.5361e-01  -6.5751e-01   3.2245e+00 
 -5.3144e-02   2.2435e+00   2.9358e+00   2.2554e+00   2.5840e+00   2.1682e+00   2.7457e+00  -1.2678e+00  -8.0625e-01  -6.0858e-01   3.1948e+00 
 -1.0280e-02   2.2138e+00   2.8987e+00   2.2298e+00   2.5624e+00   2.1367e+00   2.7186e+00  -1.2221e+00  -7.5862e-01  -5.5953e-01   3.1721e+00 
  3.2619e-02   2.1838e+00   2.8639e+00   2.2045e+00   2.5408e+00   2.1052e+00   2.6906e+00  -1.1751e+00  -7.1071e-01  -5.1023e-01   3.1588e+00 
  7.5498e-02   2.1578e+00   2.8299e+00   2.1796e+00   2.5197e+00   2.0737e+00   2.6624e+00  -1.1278e+00  -6.6263e-01  -4.6084e-01   3.1490e+00 
  1.1837e-01   2.1275e+00   2.7941e+00   2.1556e+00   2.4987e+00   2.0422e+00   2.6336e+00  -1.0813e+00  -6.1447e-01  -4.1135e-01   3.1322e+00 
  1.6139e-01   2.1001e+00   2.7586e+00   2.1324e+00   2.4777e+00   2.0103e+00   2.6035e+00  -1.0345e+00  -5.6637e-01  -3.6174e-01   3.1170e+00 
  2.0422e-01   2.0569e+00   2.7153e+00   2.1100e+00   2.4565e+00   1.9789e+00   2.5762e+00  -9.9202e-01  -5.2646e-01  -3.1588e-01   3.1169e+00 
  2.4716e-01   2.0270e+00   2.6890e+00   2.0885e+00   2.4362e+00   1.9471e+00   2.5451e+00  -9.4066e-01  -4.8060e-01  -2.6712e-01   3.1297e+00 
  2.8982e-01   1.9958e+00   2.6658e+00   2.0682e+00   2.4160e+00   1.9157e+00   2.5166e+00  -8.8832e-01  -4.3662e-01  -2.1875e-01   3.1619e+00 
  3.3290e-01   1.9634e+00   2.6415e+00   2.0486e+00   2.3958e+00   1.8838e+00   2.4928e+00  -8.3584e-01  -3.9231e-01  -1.6990e-01   3.1983e+00 
  3.7572e-01   1.9349e+00   2.6066e+00   2.0303e+00   2.3762e+00   1.8521e+00   2.4748e+00  -7.8905e-01  -3.4816e-01  -1.2115e-01   3.2055e+00 
  4.1858e-01   1.9060e+00   2.5587e+00   2.0133e+00   2.3566e+00   1.8203e+00   2.4601e+00  -7.4875e-01  -3.0354e-01  -7.1864e-02   3.1508e+00 
  4.6149e-01   1.8784e+00   2.5101e+00   1.9972e+00   2.3371e+00   1.7885e+00   2.4450e+00  -7.0867e-01  -2.5849e-01  -2.2222e-02   3.0907e+00 
  5.0441e-01   1.8520e+00   2.4627e+00   1.9818e+00   2.3183e+00   1.7567e+00   2.4293e+00  -6.6793e-01  -2.1320e-01   2.7828e-02   3.0272e+00 
  5.4728e-01   1.8274e+00   2.4150e+00   1.9670e+00   2.2993e+00   1.7249e+00   2.4136e+00  -6.2760e-01  -1.6760e-01   7.8188e-02   2.9611e+00 
  5.9016e-01   1.8041e+00   2.3674e+00   1.9524e+00   2.2804e+00   1.6931e+00   2.3978e+00  -5.8706e-01  -1.2178e-01   1.2883e-01   2.8936e+00 
  6.3306e-01   1.7831e+00   2.3197e+00   1.9380e+00   2.2620e+00   1.6612e+00   2.3820e+00  -5.4656e-01  -7.5461e-02   1.8016e-01   2.8283e+00 
  6.7596e-01   1.7642e+00   2.2725e+00   1.9235e+00   2.2435e+00   1.6293e+00   2.3660e+00  -5.0559e-01  -2.5374e-02   2.3175e-01   2.7711e+00 
  7.1880e-01   1.7466e+00   2.2294e+00   1.9094e+00   2.2253e+00   1.5975e+00   2.3497e+00  -4.6303e-01   2.5284e-02   2.8401e-01   2.7303e+00 
  7.6169e-01   1.7297e+00   2.1901e+00   1.8953e+00   2.2071e+00   1.5656e+00   2.3350e+00  -4.1840e-01   7.7670e-02   3.3637e-01   2.7085e+00 
  8.0452e-01   1.7172e+00   2.1405e+00   1.8817e+00   2.1895e+00   1.5338e+00   2.3253e+00  -3.7885e-01   1.3163e-01   3.9034e-01   2.6483e+00 
  8.4747e-01   1.7083e+00   2.0726e+00   1.8675e+00   2.1720e+00   1.5017e+00   2.3179e+00  -3.4849e-01   1.8684e-01   4.4549e-01   2.5252e+00 
  8.9036e-01   1.6946e+00   2.0111e+00   1.8534e+00   2.1544e+00   1.4698e+00   2.3064e+00  -3.1493e-01   2.3953e-01   4.9987e-01   2.4015e+00 
  9.3322e-01   1.6813e+00   1.9515e+00   1.8391e+00   2.1370e+00   1.4379e+00   2.2924e+00  -2.8036e-01   2.9229e-01   5.5435e-01   2.2763e+00 
  9.7608e-01   1.6675e+00   1.8937e+00   1.8243e+00   2.1199e+00   1.4060e+00   2.2753e+00  -2.4503e-01   3.4661e-01   6.0873e-01   2.1511e+00 
  1.0190e+00   1.6533e+00   1.8380e+00   1.8094e+00   2.1028e+00   1.3740e+00   2.2549e+00  -2.0837e-01   4.0238e-01   6.6267e-01   2.0280e+00 
  1.0619e+00   1.6390e+00   1.7866e+00   1.7943e+00   2.0856e+00   1.3420e+00   2.2307e+00  -1.6982e-01   4.6076e-01   7.1613e-01   1.9096e+00 
  1.1047e+00   1.6139e+00   1.7350e+00   1.7788e+00   2.0515e+00   1.3101e+00   2.2095e+00  -1.3137e-01   5.1648e-01   7.6067e-01   1.7883e+00 
  1.1475e+00   1.5796e+00   1.6845e+00   1.7626e+00   2.0052e+00   1.2781e+00   2.1916e+00  -9.2424e-02   5.6382e-01   8.0166e-01   1.6632e+00 
  1.1906e+00   1.5640e+00   1.6443e+00   1.7460e+00   1.9874e+00   1.2460e+00   2.1584e+00  -4.7835e-02   6.1991e-01   8.5628e-01   1.5568e+00 
  1.2333e+00   1.5486e+00   1.6091e+00   1.7292e+00   1.9699e+00   1.2140e+00   2.1223e+00  -1.4425e-03   6.7415e-01   9.1042e-01   1.4558e+00 
  1.2764e+00   1.5329e+00   1.5775e+00   1.7118e+00   1.9523e+00   1.1818e+00   2.0832e+00   4.7468e-02   7.2891e-01   9.6515e-01   1.3572e+00 
  1.3193e+00   1.5171e+00   1.5492e+00   1.6938e+00   1.9348e+00   1.1498e+00   2.0425e+00   9.7522e-02   7.8478e-01   1.0195e+00   1.2611e+00 
  1.3620e+00   1.5015e+00   1.5241e+00   1.6758e+00   1.9175e+00   1.1179e+00   1.9997e+00   1.4914e-01   8.3903e-01   1.0738e+00   1.1674e+00 
  1.4049e+00   1.4853e+00   1.5009e+00   1.6572e+00   1.8999e+00   1.0860e+00   1.9557e+00   2.0182e-01   8.9346e-01   1.1280e+00   1.0748e+00 
  1.4478e+00   1.4691e+00   1.4793e+00   1.6384e+00   1.8822e+00   1.0538e+00   1.9110e+00   2.5520e-01   9.4921e-01   1.1823e+00   9.8214e-01 
  1.4908e+00   1.4515e+00   1.4579e+00   1.6192e+00   1.8647e+00   1.0216e+00   1.8665e+00   3.0921e-01   1.0033e+00   1.2364e+00   8.8775e-01 
  1.5336e+00   1.4326e+00   1.4368e+00   1.5999e+00   1.8473e+00   9.8976e-01   1.8229e+00   3.6277e-01   1.0570e+00   1.2901e+00   7.9270e-01 
  1.5765e+00   1.4133e+00   1.4160e+00   1.5804e+00   1.8302e+00   9.5766e-01   1.7791e+00   4.1676e-01   1.1110e+00   1.3442e+00   6.9687e-01 
  1.6194e+00   1.3946e+00   1.3965e+00   1.5608e+00   1.8133e+00   9.2557e-01   1.7338e+00   4.7138e-01   1.1673e+00   1.3987e+00   6.0102e-01 
  1.6623e+00   1.3757e+00   1.3771e+00   1.5406e+00   1.7973e+00   8.9348e-01   1.6882e+00   5.2606e-01   1.2219e+00   1.4537e+00   5.0514e-01 
  1.7052e+00   1.3574e+00   1.3583e+00   1.5208e+00   1.7811e+00   8.6141e-01   1.6420e+00   5.8100e-01   1.2787e+00   1.5087e+00   4.1033e-01 
  1.7480e+00   1.3389e+00   1.3393e+00   1.5008e+00   1.7648e+00   8.2937e-01   1.5958e+00   6.3573e-01   1.3349e+00   1.5635e+00   3.1546e-01 
  1.7910e+00   1.3199e+00   1.3204e+00   1.4809e+00   1.7484e+00   7.9720e-01   1.5495e+00   6.9065e-01   1.3897e+00   1.6182e+00   2.2032e-01 
  1.8338e+00   1.3008e+00   1.3008e+00   1.4608e+00   1.7325e+00   7.6515e-01   1.5035e+00   7.4525e-01   1.4461e+00   1.6730e+00   1.2465e-01 
  1.8767e+00   1.2817e+00   1.2817e+00   1.4406e+00   1.7165e+00   7.3304e-01   1.4570e+00   7.9999e-01   1.5011e+00   1.7281e+00   3.0037e-02 
  1.9196e+00  -1.6000e+01   1.2620e+00   1.4202e+00   1.7005e+00   7.0096e-01   1.4107e+00   8.5444e-01   1.5573e+00   1.7828e+00  -6.3143e-02 
  1.9625e+00  -1.6000e+01   1.2418e+00   1.3996e+00   1.6846e+00   6.6885e-01   1.3645e+00   9.0869e-01   1.6120e+00   1.8376e+00  -1.5722e-01 
  2.0054e+00  -1.6000e+01   1.2217e+00   1.3790e+00   1.6689e+00   6.3679e-01   1.3175e+00   9.6304e-01   1.6684e+00   1.8925e+00  -2.5118e-01 
  2.0483e+00  -1.6000e+01   1.2011e+00   1.3582e+00   1.6533e+00   6.0466e-01   1.2706e+00   1.0171e+00   1.7249e+00   1.9473e+00  -3.4121e-01 
  2.0910e+00  -1.6000e+01   1.1810e+00   1.3374e+00   1.6376e+00   5.7264e-01   1.2228e+00   1.0712e+00   1.7796e+00   2.0020e+00  -4.3110e-01 
  2.1340e+00  -1.6000e+01   1.1599e+00   1.3164e+00   1.6220e+00   5.4045e-01   1.1744e+00   1.1250e+00   1.8359e+00   2.0568e+00  -5.2250e-01 
  2.1770e+00  -1.6000e+01   1.1392e+00   1.2953e+00   1.6063e+00   5.0826e-01   1.1248e+00   1.1792e+00   1.8924e+00   2.1118e+00  -6.1086e-01 
  2.2197e+00  -1.6000e+01   1.1183e+00   1.2741e+00   1.5908e+00   4.7625e-01   1.0746e+00   1.2328e+00   1.9484e+00   2.1662e+00  -6.9912e-01 
  2.2626e+00  -1.6000e+01   1.0969e+00   1.2527e+00   1.5755e+00   4.4420e-01   1.0229e+00   1.2867e+00   2.0061e+00   2.2209e+00  -7.8891e-01 
  2.3055e+00  -1.6000e+01   1.0759e+00   1.2314e+00   1.5600e+00   4.1212e-01   9.6948e-01   1.3403e+00   2.0622e+00   2.2756e+00  -8.7801e-01 
  2.3485e+00  -1.6000e+01   1.0542e+00   1.2095e+00   1.5443e+00   3.7985e-01   9.1419e-01   1.3942e+00   2.1196e+00   2.3302e+00  -9.6869e-01 
  2.3914e+00  -1.6000e+01   1.0326e+00   1.1876e+00   1.5293e+00   3.4772e-01   8.5724e-01   1.4477e+00   2.1770e+00   2.3844e+00  -1.0599e+00 
  2.4342e+00  -1.6000e+01   1.0107e+00   1.1654e+00   1.5137e+00   3.1555e-01   7.9835e-01   1.5010e+00   2.2336e+00   2.4383e+00  -1.1522e+00 
  2.4771e+00  -1.6000e+01   9.8878e-01   1.1432e+00   1.4986e+00   2.8353e-01   7.3692e-01   1.5543e+00   2.2904e+00   2.4920e+00  -1.2454e+00 
