# Teff=  4000 K   Age= 10.0 Myr   M*= 0.80 Mo   R*= 1.16 Ro 
# 
# Rdisk=  300 AU         Rhole= 11.0 R* 
# Mdot= 1.0e-08 Mo/yr    alpha= 0.010      Mass= 0.061  Mo  
# p= 3.5                 amin=0.005 mu     amax= 100 mu 
# 
# log(R)       log(Tphot)   log(Tc)      log(Tirr)    log(To)      log(Tvis)    log(Sigma)   log(H)       log(Ztauss)  log(Zinf)    log(tau_r)
# 
 -1.2251e+00   2.8248e+00   3.1581e+00   2.6025e+00   3.0824e+00   2.7864e+00   3.1264e+00  -2.9436e+00  -2.3841e+00  -2.0712e+00   1.6020e+00 
 -1.1777e+00   2.7880e+00   3.1559e+00   2.5801e+00   3.0445e+00   2.7533e+00   3.0682e+00  -2.8734e+00  -2.3231e+00  -2.0459e+00   1.7282e+00 
 -1.1301e+00   2.7570e+00   3.1538e+00   2.5574e+00   3.0099e+00   2.7199e+00   3.0097e+00  -2.8032e+00  -2.2639e+00  -2.0399e+00   1.8556e+00 
 -1.0827e+00   2.7208e+00   3.1517e+00   2.5347e+00   2.9156e+00   2.6865e+00   2.9517e+00  -2.7330e+00  -2.2070e+00  -1.9705e+00   1.9823e+00 
 -1.0353e+00   2.6868e+00   3.1495e+00   2.5125e+00   2.8879e+00   2.6528e+00   2.8946e+00  -2.6631e+00  -2.1499e+00  -1.9153e+00   2.1090e+00 
 -9.8778e-01   2.6565e+00   3.1474e+00   2.4900e+00   2.8615e+00   2.6190e+00   2.8390e+00  -2.5929e+00  -2.0942e+00  -1.8597e+00   2.2361e+00 
 -9.4040e-01   2.6232e+00   3.1449e+00   2.4673e+00   2.8443e+00   2.5852e+00   2.7864e+00  -2.5230e+00  -2.0391e+00  -1.8013e+00   2.3622e+00 
 -8.9289e-01   2.5893e+00   3.1424e+00   2.4443e+00   2.8272e+00   2.5512e+00   2.7382e+00  -2.4531e+00  -1.9841e+00  -1.7432e+00   2.4883e+00 
 -8.4543e-01   2.5556e+00   3.1389e+00   2.4212e+00   2.8101e+00   2.5171e+00   2.6969e+00  -2.3835e+00  -1.9309e+00  -1.6852e+00   2.6114e+00 
 -7.9789e-01   2.5240e+00   3.1329e+00   2.3980e+00   2.7905e+00   2.4827e+00   2.6650e+00  -2.3152e+00  -1.8784e+00  -1.6279e+00   2.7252e+00 
 -7.5053e-01   2.4937e+00   3.0973e+00   2.3748e+00   2.7646e+00   2.4486e+00   2.6407e+00  -2.2621e+00  -1.8255e+00  -1.5732e+00   2.7189e+00 
 -7.0305e-01   2.4579e+00   3.0531e+00   2.3516e+00   2.7388e+00   2.4141e+00   2.6156e+00  -2.2130e+00  -1.7724e+00  -1.5185e+00   2.6797e+00 
 -6.5556e-01   2.4285e+00   3.0095e+00   2.3285e+00   2.7125e+00   2.3797e+00   2.5891e+00  -2.1635e+00  -1.7162e+00  -1.4640e+00   2.6430e+00 
 -6.0814e-01   2.3943e+00   2.9668e+00   2.3054e+00   2.6861e+00   2.3452e+00   2.5611e+00  -2.1137e+00  -1.6590e+00  -1.4099e+00   2.6103e+00 
 -5.6067e-01   2.3622e+00   2.9255e+00   2.2823e+00   2.6586e+00   2.3107e+00   2.5313e+00  -2.0632e+00  -1.6009e+00  -1.3568e+00   2.5832e+00 
 -5.1318e-01   2.3268e+00   2.8861e+00   2.2592e+00   2.6283e+00   2.2760e+00   2.5001e+00  -2.0117e+00  -1.5440e+00  -1.3047e+00   2.5644e+00 
 -4.6568e-01   2.2936e+00   2.8492e+00   2.2358e+00   2.5986e+00   2.2410e+00   2.4678e+00  -1.9589e+00  -1.4895e+00  -1.2516e+00   2.5558e+00 
 -4.1822e-01   2.2635e+00   2.8119e+00   2.2112e+00   2.5746e+00   2.2063e+00   2.4348e+00  -1.9063e+00  -1.4359e+00  -1.1965e+00   2.5455e+00 
 -3.7078e-01   2.2302e+00   2.7736e+00   2.1865e+00   2.5507e+00   2.1717e+00   2.4002e+00  -1.8543e+00  -1.3822e+00  -1.1411e+00   2.5314e+00 
 -3.2329e-01   2.1954e+00   2.7379e+00   2.1619e+00   2.5270e+00   2.1367e+00   2.3634e+00  -1.8009e+00  -1.3283e+00  -1.0856e+00   2.5281e+00 
 -2.7584e-01   2.1656e+00   2.7061e+00   2.1379e+00   2.5035e+00   2.1017e+00   2.3252e+00  -1.7457e+00  -1.2758e+00  -1.0300e+00   2.5405e+00 
 -2.2831e-01   2.1339e+00   2.6789e+00   2.1143e+00   2.4800e+00   2.0667e+00   2.2873e+00  -1.6879e+00  -1.2220e+00  -9.7450e-01   2.5717e+00 
 -1.8089e-01   2.1028e+00   2.6560e+00   2.0911e+00   2.4568e+00   2.0318e+00   2.2524e+00  -1.6282e+00  -1.1696e+00  -9.1901e-01   2.6201e+00 
 -1.3332e-01   2.0716e+00   2.6299e+00   2.0682e+00   2.4339e+00   1.9967e+00   2.2222e+00  -1.5700e+00  -1.1155e+00  -8.6324e-01   2.6562e+00 
 -8.6123e-02   2.0406e+00   2.5927e+00   2.0460e+00   2.4111e+00   1.9619e+00   2.1961e+00  -1.5177e+00  -1.0632e+00  -8.0790e-01   2.6468e+00 
 -3.8392e-02   2.0018e+00   2.5267e+00   2.0234e+00   2.3876e+00   1.9266e+00   2.1779e+00  -1.4791e+00  -1.0139e+00  -7.5358e-01   2.6134e+00 
  9.0065e-03   1.9698e+00   2.4823e+00   2.0011e+00   2.3653e+00   1.8915e+00   2.1513e+00  -1.4303e+00  -9.6161e-01  -6.9798e-01   2.5751e+00 
  5.6511e-02   1.9379e+00   2.4381e+00   1.9791e+00   2.3428e+00   1.8564e+00   2.1238e+00  -1.3811e+00  -9.0936e-01  -6.4225e-01   2.5374e+00 
  1.0379e-01   1.9062e+00   2.3948e+00   1.9575e+00   2.3210e+00   1.8213e+00   2.0954e+00  -1.3319e+00  -8.5711e-01  -5.8674e-01   2.5012e+00 
  1.5127e-01   1.8773e+00   2.3522e+00   1.9362e+00   2.2991e+00   1.7861e+00   2.0655e+00  -1.2819e+00  -8.0637e-01  -5.3086e-01   2.4675e+00 
  1.9885e-01   1.8459e+00   2.3109e+00   1.9152e+00   2.2774e+00   1.7508e+00   2.0341e+00  -1.2312e+00  -7.5384e-01  -4.7491e-01   2.4386e+00 
  2.4628e-01   1.8173e+00   2.2718e+00   1.8947e+00   2.2558e+00   1.7156e+00   2.0016e+00  -1.1795e+00  -7.0139e-01  -4.1896e-01   2.4180e+00 
  2.9373e-01   1.7891e+00   2.2370e+00   1.8748e+00   2.2345e+00   1.6803e+00   1.9683e+00  -1.1257e+00  -6.4890e-01  -3.6301e-01   2.4108e+00 
  3.4124e-01   1.7612e+00   2.2068e+00   1.8552e+00   2.2133e+00   1.6450e+00   1.9365e+00  -1.0697e+00  -5.9469e-01  -3.0706e-01   2.4247e+00 
  3.8870e-01   1.7350e+00   2.1738e+00   1.8361e+00   2.1923e+00   1.6097e+00   1.9096e+00  -1.0150e+00  -5.3889e-01  -2.5118e-01   2.4457e+00 
  4.3615e-01   1.7100e+00   2.1281e+00   1.8174e+00   2.1711e+00   1.5744e+00   1.8876e+00  -9.6661e-01  -4.8091e-01  -1.9502e-01   2.4228e+00 
  4.8359e-01   1.6873e+00   2.0755e+00   1.7989e+00   2.1504e+00   1.5391e+00   1.8664e+00  -9.2177e-01  -4.2137e-01  -1.3911e-01   2.3695e+00 
  5.3108e-01   1.6641e+00   2.0274e+00   1.7810e+00   2.1297e+00   1.5038e+00   1.8435e+00  -8.7468e-01  -3.6490e-01  -8.2412e-02   2.3137e+00 
  5.7850e-01   1.6409e+00   1.9779e+00   1.7626e+00   2.1092e+00   1.4685e+00   1.8210e+00  -8.2826e-01  -3.0926e-01  -2.5238e-02   2.2560e+00 
  6.2600e-01   1.6192e+00   1.9279e+00   1.7445e+00   2.0888e+00   1.4330e+00   1.7981e+00  -7.8199e-01  -2.5495e-01   3.2754e-02   2.1951e+00 
  6.7343e-01   1.5738e+00   1.8786e+00   1.7263e+00   2.0103e+00   1.3978e+00   1.7795e+00  -7.3554e-01  -2.0508e-01   6.5297e-02   2.1299e+00 
  7.2091e-01   1.5532e+00   1.8265e+00   1.7077e+00   1.9889e+00   1.3623e+00   1.7570e+00  -6.9030e-01  -1.4925e-01   1.2281e-01   2.0602e+00 
  7.6849e-01   1.5328e+00   1.7742e+00   1.6895e+00   1.9676e+00   1.3267e+00   1.7334e+00  -6.4504e-01  -9.1307e-02   1.8078e-01   1.9849e+00 
  8.1589e-01   1.5123e+00   1.7222e+00   1.6707e+00   1.9465e+00   1.2914e+00   1.7089e+00  -5.9998e-01  -3.3535e-02   2.3861e-01   1.9041e+00 
  8.6315e-01   1.4922e+00   1.6709e+00   1.6520e+00   1.9256e+00   1.2562e+00   1.6827e+00  -5.5473e-01   2.4171e-02   2.9635e-01   1.8181e+00 
  9.1071e-01   1.4723e+00   1.6203e+00   1.6330e+00   1.9046e+00   1.2206e+00   1.6543e+00  -5.0870e-01   8.2357e-02   3.5454e-01   1.7265e+00 
  9.5826e-01   1.4529e+00   1.5719e+00   1.6146e+00   1.8836e+00   1.1853e+00   1.6231e+00  -4.6163e-01   1.4069e-01   4.1280e-01   1.6299e+00 
  1.0058e+00   1.4333e+00   1.5263e+00   1.5958e+00   1.8630e+00   1.1495e+00   1.5890e+00  -4.1310e-01   1.9900e-01   4.7113e-01   1.5286e+00 
  1.0532e+00   1.4135e+00   1.4839e+00   1.5763e+00   1.8424e+00   1.1143e+00   1.5522e+00  -3.6320e-01   2.5722e-01   5.2934e-01   1.4247e+00 
  1.1006e+00   1.3941e+00   1.4456e+00   1.5570e+00   1.8219e+00   1.0788e+00   1.5122e+00  -3.1122e-01   3.1723e-01   5.8765e-01   1.3186e+00 
  1.1481e+00   1.3749e+00   1.4116e+00   1.5379e+00   1.8016e+00   1.0434e+00   1.4690e+00  -2.5690e-01   3.7574e-01   6.4616e-01   1.2118e+00 
  1.1956e+00   1.3553e+00   1.3808e+00   1.5180e+00   1.7815e+00   1.0077e+00   1.4241e+00  -2.0115e-01   4.3426e-01   7.0465e-01   1.1050e+00 
  1.2431e+00   1.3365e+00   1.3535e+00   1.4987e+00   1.7614e+00   9.7225e-01   1.3765e+00  -1.4359e-01   4.9464e-01   7.6325e-01   1.0003e+00 
  1.2905e+00   1.3166e+00   1.3278e+00   1.4785e+00   1.7415e+00   9.3682e-01   1.3286e+00  -8.5336e-02   5.5315e-01   8.2196e-01   8.9380e-01 
  1.3380e+00   1.2967e+00   1.3036e+00   1.4585e+00   1.7217e+00   9.0124e-01   1.2794e+00  -2.6065e-02   6.1348e-01   8.8052e-01   7.8879e-01 
  1.3854e+00   1.2765e+00   1.2808e+00   1.4384e+00   1.7021e+00   8.6581e-01   1.2301e+00   3.3601e-02   6.7189e-01   9.3894e-01   6.8480e-01 
  1.4329e+00   1.2558e+00   1.2584e+00   1.4180e+00   1.6823e+00   8.3033e-01   1.1804e+00   9.3529e-02   7.3029e-01   9.9734e-01   5.8105e-01 
  1.4803e+00   1.2353e+00   1.2368e+00   1.3979e+00   1.6630e+00   7.9477e-01   1.1298e+00   1.5413e-01   7.9037e-01   1.0559e+00   4.7862e-01 
  1.5278e+00   1.2146e+00   1.2154e+00   1.3769e+00   1.6438e+00   7.5929e-01   1.0790e+00   2.1446e-01   8.4875e-01   1.1142e+00   3.7704e-01 
  1.5753e+00   1.1940e+00   1.1945e+00   1.3558e+00   1.6247e+00   7.2370e-01   1.0267e+00   2.7530e-01   9.0898e-01   1.1726e+00   2.7875e-01 
  1.6228e+00   1.1738e+00   1.1741e+00   1.3345e+00   1.6057e+00   6.8815e-01   9.7313e-01   3.3626e-01   9.6925e-01   1.2312e+00   1.8154e-01 
  1.6702e+00   1.1538e+00   1.1538e+00   1.3133e+00   1.5870e+00   6.5263e-01   9.1883e-01   3.9736e-01   1.0277e+00   1.2899e+00   8.5576e-02 
  1.7177e+00  -1.6000e+01   1.1329e+00   1.2918e+00   1.5682e+00   6.1711e-01   8.6462e-01   4.5811e-01   1.0880e+00   1.3483e+00  -9.4919e-03 
  1.7653e+00  -1.6000e+01   1.1113e+00   1.2696e+00   1.5494e+00   5.8149e-01   8.1012e-01   5.1865e-01   1.1481e+00   1.4068e+00  -1.0496e-01 
  1.8126e+00  -1.6000e+01   1.0903e+00   1.2481e+00   1.5311e+00   5.4605e-01   7.5434e-01   5.7926e-01   1.2081e+00   1.4651e+00  -1.9840e-01 
  1.8599e+00  -1.6000e+01   1.0697e+00   1.2265e+00   1.5130e+00   5.1068e-01   6.9760e-01   6.3983e-01   1.2679e+00   1.5233e+00  -2.9085e-01 
  1.9075e+00  -1.6000e+01   1.0488e+00   1.2048e+00   1.4946e+00   4.7494e-01   6.3905e-01   7.0091e-01   1.3280e+00   1.5818e+00  -3.8293e-01 
  1.9549e+00  -1.6000e+01   1.0294e+00   1.1834e+00   1.4767e+00   4.3949e-01   5.7906e-01   7.6224e-01   1.3863e+00   1.6401e+00  -4.7317e-01 
  2.0025e+00  -1.6000e+01   1.0099e+00   1.1612e+00   1.4591e+00   4.0381e-01   5.1784e-01   8.2393e-01   1.4463e+00   1.6985e+00  -5.6408e-01 
  2.0499e+00  -1.6000e+01   9.9255e-01   1.1392e+00   1.4415e+00   3.6829e-01   4.5483e-01   8.8619e-01   1.5059e+00   1.7563e+00  -6.5322e-01 
  2.0975e+00  -1.6000e+01   9.7699e-01   1.1171e+00   1.4239e+00   3.3264e-01   3.8947e-01   9.4995e-01   1.5639e+00   1.8145e+00  -7.4189e-01 
  2.1449e+00  -1.6000e+01   9.6346e-01   1.0949e+00   1.4071e+00   2.9710e-01   3.2266e-01   1.0144e+00   1.6235e+00   1.8724e+00  -8.2958e-01 
  2.1924e+00  -1.6000e+01   9.5236e-01   1.0730e+00   1.3904e+00   2.6150e-01   2.5381e-01   1.0801e+00   1.6830e+00   1.9302e+00  -9.1641e-01 
  2.2398e+00  -1.6000e+01   9.4325e-01   1.0508e+00   1.3738e+00   2.2608e-01   1.8365e-01   1.1467e+00   1.7404e+00   1.9878e+00  -1.0031e+00 
  2.2872e+00  -1.6000e+01   9.3561e-01   1.0280e+00   1.3572e+00   1.9061e-01   1.1262e-01   1.2141e+00   1.7990e+00   2.0448e+00  -1.0905e+00 
  2.3348e+00  -1.6000e+01   9.2967e-01   1.0054e+00   1.3412e+00   1.5473e-01   3.9907e-02   1.2824e+00   1.8576e+00   2.1019e+00  -1.1777e+00 
  2.3822e+00  -1.6000e+01   9.2485e-01   9.8257e-01   1.3253e+00   1.1926e-01  -3.3641e-02   1.3513e+00   1.9159e+00   2.1585e+00  -1.2650e+00 
  2.4296e+00  -1.6000e+01   9.2096e-01   9.6001e-01   1.3096e+00   8.3861e-02  -1.0812e-01   1.4205e+00   1.9738e+00   2.2149e+00  -1.3524e+00 
  2.4771e+00  -1.6000e+01   9.1745e-01   9.3741e-01   1.2938e+00   4.8053e-02  -1.8326e-01   1.4901e+00   2.0297e+00   2.2707e+00  -1.4403e+00 
